00111110001111001101010100110101
00111111000010100000000110001100
00111111001010111000001100000011
00111110001010101001101101111101
00111110110000001101011001011000
00111111001110000111010100101110
00111110010110000101111001100011
00111101011100101001000101001101
00111101111110101110100000000010
00111111010011000001111001001111
00111111010100010110110110010111
00111101011110011100000100100010
00111110101111001111110001000110
00111110100001001110000111101011
00111110000111010110010001011010
00111110010110100010111101001100
00111101010110010011010100111100
00111110000001100011110010010110
00111111001110011110101100000111
00111110100100000010100101101100
00111101111101100101100010011010
00111110111000101000011010101011
00111110001111011111111111011000
00111110001010011111010110000010
00111110000110010000001011110000
00111111001010010011100000101101
00111110011100011111111111011101
00111110001101101011001110101101
00111111001000100001000111101000
00111110101000000100111001001111
00111111010000010011110100010101
00111111000000111100010010000101
00111111001010001101101111110100
00111111011110100010000111110101
00111111010000000001101111001100
00111110100000010110111111001101
00111110101011101100010011110100
00111111000111001111010011001111
00111111010111110100001110111110
00111111001000011010011101010110
00111101101100110111001001000001
00111111010101100000111010100100
00111111010100101001101001100011
00111110110101011011110000100000
00111110111010001111110000001011
00111111011111001001000110110010
00111111011010011001101011111100
00111110100111100100100100111110
00111110000001000111100011010000
00111110110101000010101100000001