00111110000111000101000010010000
00111110000110110011010100011011
00111100010010111000011001010011
00111111011010100111111001100001
00111111011111101101011111110000
00111101010000100010100101100111
00111111010111011111110000000101
00111100110001110010101100010111
00111111000110100001010111001110
00111101100101001100111110000101
00111111011010011010111110010101
00111111010100000110001011101010
00111110101001001110111000110010
00111111001000110001011100110100
00111111000100111011110100100011
00111110011110011101100010001011
00111111000001111101101010001101
00111111010100110000001011001001
00111111010000010100101000100000
00111110110000111001000010100010
00111111001001100011101100011100
00111110110110110010111110000001
00111111010010110010011101000110
00111110000101000111010110011101
00111111000001100110111110101010
00111110110101101010101011101011
00111111001010101101000111101101
00111111000110101101000110001100
00111110011011101000111010110001
00111111010010011100010101110111
00111110101000001101111010000010
00111111010011000101011101100010
00111110101001000000110011000011
00111111000111001111010100111000
00111111000001010111000100100110
00111110011001001001101100000111
00111111011100110011100101111101
00111111000011111100000110111100
00111111010100010001100110100110
00111111010101011011111011000111
00111110101110101001100101100100
00111110111100101000110011000101
00111110011100010011000000101001
00111101100101001100111101011110
00111111001010011100010110110101
00111111011010110101110000000000
00111111001100111101111010000011
00111110011011110111011011100010
00111101010001001111110001110010
00111110010110001101011010100111