00000000
00000000
00000000
00000000
00000000
00000000
00000000
00000000
00000000
00000000
00000000
00000000
00000000
00000000
00000000
00000000
00000000
00000000
00000000
00000000
00000000
00000000
00000000
00000000
00000000
00000000
00000000
00000000
00000000
00000000
00000000
00000000
00000000
00000000
00000000
00000000
00000000
00000000
00000000
00000000
00000000
00000000
00000000
00000000
00000000
00000000
00000000
00000000
00000000
00000000
00000000
00000000
00000000
00000000
00000000
00000000
00000000
00000000
00000000
00000000
00000000
00000000
00000000
00000000
00000000
00000000
00000000
00000000
00000000
00000000
00000000
00000000
00000000
00000000
00000000
00000000
00000000
00000000
00000000
00000000
00000000
00000000
00000000
00000000
00000000
00000000
00000000
00000000
00000000
00000000
00000000
00000000
00000000
00000000
00000000
00000000
00000000
00000000
00000000
00000000
00000000
00000000
00000000
00000000
00000000
00000000
00000000
00000000
00000000
00000000
00000000
00000000
00000000
00000000
00000000
00000000
00000000
00000000
00000000
00000000
00000000
00000000
00000000
00000000
00000000
00000000
00000000
00000000
00000000
00000000
00000000
00000000
00000000
3ce0e0e1
3f038384
3f29a9aa
3eeeeeef
00000000
00000000
00000000
00000000
00000000
00000000
00000000
00000000
00000000
00000000
00000000
00000000
00000000
00000000
00000000
00000000
00000000
00000000
00000000
00000000
00000000
00000000
00000000
00000000
3f1a9a9b
3f7cfcfd
3f7cfcfd
3f7cfcfd
00000000
00000000
00000000
00000000
00000000
00000000
00000000
00000000
00000000
00000000
00000000
00000000
00000000
00000000
00000000
00000000
00000000
00000000
00000000
00000000
00000000
00000000
00000000
3ecacacb
3f7dfdfe
3f7cfcfd
3f7cfcfd
3ecccccd
00000000
00000000
00000000
00000000
00000000
00000000
00000000
00000000
00000000
00000000
00000000
00000000
00000000
3ce0e0e1
3f1a9a9b
3f4bcbcc
00000000
00000000
00000000
00000000
00000000
00000000
3e70f0f1
3f71f1f2
3f800000
3f77f7f8
3ec8c8c9
00000000
00000000
00000000
00000000
00000000
00000000
00000000
00000000
00000000
00000000
00000000
00000000
00000000
3ce0e0e1
3f169697
3f7cfcfd
3f7cfcfd
3e989899
00000000
00000000
00000000
00000000
00000000
3f45c5c6
3f7cfcfd
3f77f7f8
3ecececf
00000000
00000000
00000000
00000000
00000000
00000000
00000000
00000000
00000000
00000000
00000000
00000000
00000000
00000000
3de8e8e9
3f7cfcfd
3f7cfcfd
3f56d6d7
3dc8c8c9
00000000
00000000
00000000
00000000
3e34b4b5
3f70f0f1
3f7cfcfd
3f3bbbbc
00000000
00000000
00000000
00000000
00000000
00000000
00000000
00000000
00000000
00000000
00000000
00000000
00000000
00000000
00000000
3f33b3b4
3f7cfcfd
3f7cfcfd
3f0b8b8c
00000000
00000000
00000000
00000000
3d50d0d1
3f42c2c3
3f7cfcfd
3f7cfcfd
3d50d0d1
00000000
00000000
00000000
00000000
00000000
00000000
00000000
00000000
00000000
00000000
00000000
00000000
00000000
00000000
3ee4e4e5
3f7efeff
3f7dfdfe
3f42c2c3
3d50d0d1
00000000
00000000
00000000
00000000
3eb8b8b9
3f7dfdfe
3f7dfdfe
3f0c8c8d
00000000
00000000
00000000
00000000
00000000
00000000
00000000
00000000
00000000
00000000
00000000
00000000
00000000
00000000
00000000
3f3cbcbd
3f7dfdfe
3f7cfcfd
3e60e0e1
00000000
00000000
00000000
00000000
00000000
3f58d8d9
3f7cfcfd
3f69e9ea
3e6ceced
00000000
00000000
00000000
00000000
00000000
00000000
00000000
00000000
00000000
00000000
00000000
00000000
00000000
00000000
3ed0d0d1
3f76f6f7
3f7dfdfe
3f2aaaab
3d50d0d1
00000000
00000000
00000000
00000000
3eb2b2b3
3f7dfdfe
3f7cfcfd
3ea0a0a1
00000000
00000000
00000000
00000000
00000000
00000000
00000000
00000000
00000000
00000000
00000000
00000000
00000000
00000000
00000000
3f45c5c6
3f7cfcfd
3f64e4e5
3d109091
00000000
00000000
00000000
00000000
00000000
3ee2e2e3
3f7dfdfe
3f63e3e4
3df8f8f9
00000000
00000000
00000000
00000000
00000000
00000000
00000000
00000000
00000000
00000000
00000000
00000000
00000000
3c808081
3f008081
3f7dfdfe
3f7dfdfe
3ee4e4e5
00000000
00000000
00000000
00000000
00000000
3e40c0c1
3f71f1f2
3f7bfbfc
3efafafb
00000000
00000000
00000000
00000000
00000000
00000000
00000000
00000000
00000000
00000000
00000000
00000000
00000000
00000000
3de8e8e9
3f7cfcfd
3f7cfcfd
3f63e3e4
3e189899
00000000
00000000
00000000
00000000
3d50d0d1
3f2cacad
3f7cfcfd
3f67e7e8
3e64e4e5
3e64e4e5
3e008081
00000000
00000000
00000000
00000000
00000000
00000000
00000000
00000000
00000000
00000000
00000000
00000000
3e848485
3f7cfcfd
3f7cfcfd
3f31b1b2
3eacacad
3f20a0a1
3f45c5c6
3f45c5c6
3f46c6c7
3f51d1d2
3f7cfcfd
3f7cfcfd
3f7dfdfe
3f7cfcfd
3f7cfcfd
3f64e4e5
3f39b9ba
3de0e0e1
00000000
00000000
00000000
00000000
00000000
00000000
00000000
00000000
00000000
00000000
3f3fbfc0
3f7cfcfd
3f7cfcfd
3f7cfcfd
3f7dfdfe
3f7cfcfd
3f7cfcfd
3f7cfcfd
3f7dfdfe
3f7cfcfd
3f7cfcfd
3f7cfcfd
3f7dfdfe
3f7cfcfd
3f7cfcfd
3f7cfcfd
3f71f1f2
3e3cbcbd
00000000
00000000
00000000
00000000
00000000
00000000
00000000
00000000
00000000
00000000
3f72f2f3
3f7dfdfe
3f7dfdfe
3f7dfdfe
3f7efeff
3f7dfdfe
3f7dfdfe
3f7dfdfe
3f7efeff
3f7dfdfe
3f74f4f5
3f2fafb0
3ee4e4e5
3ee2e2e3
3ee2e2e3
3f23a3a4
3ecacacb
00000000
00000000
00000000
00000000
00000000
00000000
00000000
00000000
00000000
00000000
00000000
3e70f0f1
3f44c4c5
3f44c4c5
3f44c4c5
3f38b8b9
3ea8a8a9
3ea8a8a9
3ea8a8a9
3f32b2b3
3f7cfcfd
3f0e8e8f
00000000
00000000
00000000
00000000
00000000
00000000
00000000
00000000
00000000
00000000
00000000
00000000
00000000
00000000
00000000
00000000
00000000
00000000
00000000
00000000
00000000
00000000
00000000
00000000
00000000
3ebcbcbd
3f0e8e8f
3d50d0d1
00000000
00000000
00000000
00000000
00000000
00000000
00000000
00000000
00000000
00000000
00000000
00000000
00000000
00000000
00000000
00000000
00000000
00000000
00000000
00000000
00000000
00000000
00000000
00000000
00000000
00000000
00000000
00000000
00000000
00000000
00000000
00000000
00000000
00000000
00000000
00000000
00000000
00000000
00000000
00000000
00000000
00000000
00000000
00000000
00000000
00000000
00000000
00000000
00000000
00000000
00000000
00000000
00000000
00000000
00000000
00000000
00000000
00000000
00000000
00000000
00000000
00000000
00000000
00000000
00000000
00000000
00000000
00000000
00000000
00000000
00000000
00000000
00000000
00000000
00000000
00000000
00000000
00000000
00000000
00000000
00000000
00000000
00000000
00000000
00000000
00000000
00000000
00000000
00000000
00000000
00000000
00000000
00000000
00000000
00000000
00000000
00000000
00000000
00000000
00000000
00000000
00000000
00000000
00000000
00000000
00000000
00000000
00000000
00000000
00000000
00000000
00000000
00000000
00000000
00000000
00000000
00000000
00000000
00000000
00000000
00000000
00000000
00000000
00000000
00000000
00000000
00000000
00000000
00000000
00000000
00000000
00000000
00000000
00000000
00000000
00000000
00000000
00000000
00000000
00000000
00000000
00000000
00000000
00000000
00000000
00000000
00000000
00000000
00000000
00000000
00000000
00000000
00000000
00000000
00000000
00000000
00000000
00000000
00000000
00000000
00000000
00000000
00000000
00000000
00000000
00000000
00000000
00000000
00000000
00000000
00000000
00000000
00000000
00000000
00000000
00000000
00000000
00000000
00000000
00000000
