00000000
00000000
00000000
00000000
00000000
00000000
00000000
00000000
00000000
00000000
00000000
00000000
00000000
00000000
00000000
00000000
00000000
00000000
00000000
00000000
00000000
00000000
00000000
00000000
00000000
00000000
00000000
00000000
00000000
00000000
00000000
00000000
00000000
00000000
00000000
00000000
00000000
00000000
00000000
00000000
00000000
00000000
00000000
00000000
00000000
00000000
00000000
00000000
00000000
00000000
00000000
00000000
00000000
00000000
00000000
00000000
00000000
00000000
00000000
00000000
00000000
00000000
00000000
00000000
00000000
00000000
00000000
00000000
00000000
00000000
00000000
00000000
00000000
00000000
00000000
00000000
00000000
00000000
00000000
00000000
00000000
00000000
00000000
00000000
00000000
00000000
00000000
00000000
00000000
00000000
00000000
00000000
00000000
00000000
00000000
00000000
00000000
00000000
00000000
00000000
00000000
00000000
00000000
00000000
00000000
00000000
00000000
00000000
00000000
00000000
00000000
00000000
00000000
00000000
00000000
00000000
00000000
00000000
00000000
00000000
00000000
00000000
00000000
00000000
00000000
00000000
00000000
00000000
00000000
00000000
00000000
00000000
00000000
00000000
00000000
00000000
00000000
00000000
00000000
00000000
00000000
00000000
00000000
00000000
00000000
00000000
00000000
00000000
00000000
00000000
00000000
00000000
00000000
00000000
00000000
00000000
00000000
00000000
00000000
00000000
00000000
00000000
00000000
00000000
00000000
00000000
00000000
00000000
00000000
00000000
00000000
00000000
00000000
00000000
00000000
00000000
00000000
3d50d0d1
3ed6d6d7
3f35b5b6
3f35b5b6
3f35b5b6
3e70f0f1
00000000
00000000
00000000
00000000
00000000
00000000
00000000
00000000
00000000
00000000
00000000
00000000
00000000
00000000
00000000
00000000
00000000
00000000
00000000
00000000
00000000
00000000
3ebababb
3f7efeff
3f7efeff
3f7efeff
3f53d3d4
3f6dedee
3f56d6d7
3f0d8d8e
3e7cfcfd
00000000
00000000
00000000
00000000
00000000
00000000
00000000
00000000
00000000
00000000
00000000
00000000
00000000
00000000
00000000
00000000
00000000
00000000
00000000
3ebababb
3f7efeff
3f3dbdbe
3f048485
3f7efeff
3f7efeff
3f77f7f8
3f7efeff
3f7dfdfe
3f5cdcdd
3f2eaeaf
3f149495
3f1d9d9e
3f29a9aa
3db0b0b1
00000000
00000000
00000000
00000000
00000000
00000000
00000000
00000000
00000000
00000000
00000000
00000000
00000000
3e989899
3f7efeff
3efefeff
3f57d7d8
3f7efeff
3eb0b0b1
3e088889
3f018182
3f63e3e4
3f7efeff
3f7efeff
3f7efeff
3f7efeff
3f7efeff
3f77f7f8
3ef4f4f5
00000000
00000000
00000000
00000000
00000000
00000000
00000000
00000000
00000000
00000000
00000000
00000000
3d989899
3f7efeff
3f008081
3ee4e4e5
3e30b0b1
00000000
00000000
00000000
3d008081
3eb8b8b9
3f61e1e2
3f79f9fa
3f7efeff
3f79f9fa
3f4bcbcc
3f0c8c8d
00000000
00000000
00000000
00000000
00000000
00000000
00000000
00000000
00000000
00000000
00000000
00000000
3c808081
3f20a0a1
3f79f9fa
3e38b8b9
00000000
00000000
00000000
00000000
00000000
00000000
3d40c0c1
3e1c9c9d
3e5cdcdd
3e189899
00000000
00000000
00000000
00000000
00000000
00000000
00000000
00000000
00000000
00000000
00000000
00000000
00000000
00000000
00000000
3e50d0d1
3f7efeff
3f0d8d8e
3ca0a0a1
00000000
00000000
00000000
00000000
00000000
00000000
00000000
00000000
00000000
00000000
00000000
00000000
00000000
00000000
00000000
00000000
00000000
00000000
00000000
00000000
00000000
00000000
00000000
00000000
3e149495
3f3ebebf
3f74f4f5
3ee8e8e9
00000000
00000000
00000000
00000000
00000000
00000000
00000000
00000000
00000000
00000000
00000000
00000000
00000000
00000000
00000000
00000000
00000000
00000000
00000000
00000000
00000000
00000000
00000000
3cc0c0c1
3f1c9c9d
3efafafb
3f139394
3f5ededf
3db0b0b1
00000000
00000000
00000000
00000000
00000000
00000000
00000000
00000000
00000000
00000000
00000000
00000000
00000000
00000000
00000000
00000000
00000000
00000000
00000000
00000000
00000000
00000000
3f1e9e9f
3f4ececf
3cc0c0c1
3d50d0d1
3f34b4b5
3f068687
00000000
00000000
00000000
00000000
00000000
00000000
00000000
00000000
00000000
00000000
00000000
00000000
00000000
00000000
00000000
00000000
00000000
00000000
00000000
00000000
00000000
3e4ccccd
3f7cfcfd
3eaeaeaf
00000000
00000000
3e38b8b9
3f66e6e7
3ebcbcbd
00000000
00000000
00000000
00000000
00000000
00000000
00000000
00000000
00000000
00000000
00000000
00000000
00000000
00000000
00000000
00000000
00000000
00000000
00000000
00000000
3d909091
3f27a7a8
3d888889
00000000
00000000
00000000
3f30b0b1
3f69e9ea
3c40c0c1
00000000
00000000
00000000
00000000
00000000
00000000
00000000
00000000
00000000
00000000
00000000
00000000
00000000
00000000
00000000
00000000
00000000
00000000
00000000
3d909091
3f6ceced
3df0f0f1
00000000
00000000
00000000
3ebababb
3f7efeff
3e2cacad
00000000
00000000
00000000
00000000
00000000
00000000
00000000
00000000
00000000
00000000
00000000
00000000
00000000
00000000
00000000
00000000
00000000
00000000
00000000
00000000
3f2eaeaf
3db8b8b9
00000000
00000000
00000000
3e848485
3f7efeff
3efefeff
00000000
00000000
00000000
00000000
00000000
00000000
00000000
00000000
00000000
00000000
00000000
00000000
00000000
00000000
00000000
00000000
00000000
00000000
00000000
00000000
3df0f0f1
3e828283
00000000
00000000
00000000
3f008081
3f7efeff
3f52d2d3
00000000
00000000
00000000
00000000
00000000
00000000
00000000
00000000
00000000
00000000
00000000
00000000
00000000
00000000
00000000
00000000
3ee4e4e5
3ce0e0e1
00000000
00000000
00000000
00000000
00000000
00000000
3e048485
3f65e5e6
3f7efeff
3f028283
00000000
00000000
00000000
00000000
00000000
00000000
00000000
00000000
00000000
00000000
00000000
00000000
00000000
00000000
00000000
00000000
3e848485
3f43c3c4
3e008081
00000000
00000000
00000000
3df8f8f9
3e78f8f9
3f49c9ca
3f7efeff
3f71f1f2
3da0a0a1
00000000
00000000
00000000
00000000
00000000
00000000
00000000
00000000
00000000
00000000
00000000
00000000
00000000
00000000
00000000
00000000
00000000
3ea4a4a5
3f70f0f1
3f65e5e6
3f1f9fa0
3f2aaaab
3f75f5f6
3f7efeff
3f7efeff
3f7efeff
3ebebebf
00000000
00000000
00000000
00000000
00000000
00000000
00000000
00000000
00000000
00000000
00000000
00000000
00000000
00000000
00000000
00000000
00000000
00000000
00000000
3ec0c0c1
3f1d9d9e
3f70f0f1
3f7efeff
3f7efeff
3f7efeff
3f7efeff
3f159596
3d20a0a1
00000000
00000000
00000000
00000000
00000000
00000000
00000000
00000000
00000000
00000000
00000000
00000000
00000000
00000000
00000000
00000000
00000000
00000000
00000000
00000000
00000000
3dd8d8d9
3e808081
3e74f4f5
3e048485
3e048485
00000000
00000000
00000000
00000000
00000000
00000000
00000000
00000000
00000000
00000000
00000000
00000000
00000000
00000000
00000000
00000000
00000000
00000000
00000000
00000000
00000000
00000000
00000000
00000000
00000000
00000000
00000000
00000000
00000000
00000000
00000000
00000000
00000000
00000000
00000000
00000000
00000000
00000000
00000000
00000000
00000000
00000000
00000000
00000000
00000000
00000000
00000000
00000000
00000000
00000000
00000000
00000000
00000000
00000000
00000000
00000000
00000000
00000000
00000000
00000000
00000000
00000000
00000000
00000000
00000000
00000000
00000000
00000000
00000000
00000000
